POSSIBLE, 2009, 1989, 2006, 2005, 1995; 1986, 1985; 1987, 2001; 2014, 2008; 1979; 2009, 1997; 1999, 2007; 2012, 2000; 1990, 1996; 1983; 1989, 1991; 1988, 2002; 2010, 1994; 2004, 2011; 1981; 2006, 1998; 1993, 1992; 2016, 2013; 2003, 2015; 1978; 2005, , , , , , , , , , , , , , , 
ACTUAL, 2009, 1989, 2006, 2005, , , , , , , , , , , , , , , , , , , , , , , , , , , , , , , 
Ngamer, 2009, 1989, 2006, 2005, 1995, 1985, 2001, 2008, 1997, 2007, 1990, 1996, 1991, 2002, 1994, 2006, 1998, 1992, 2003, 2005, 1995, 2001, 1997, 1996, 1991, 1994, 1998, 2005, 2001, 1997, 1994, 1998, 2001, 1998, 1998;
AngeTime, 2009, 1989, 2006, 2005, 1995, 1987, 2001, 2008, 1997, 2007, 2000, 1996, 1991, 2002, 1994, 2006, 1998, 1992, 2003, 2005, 1995, 2001, 1997, 1996, 1991, 1994, 1998, 2005, 2001, 1996, 1991, 1998, 2001, 1998, 1998;
NickTheRPGLord, 2009, 1989, 2006, 2005, 1995, 1987, 2001, 2008, 1997, 2007, 2000, 1996, 1991, 2002, 1994, 2011, 1998, 2016, 2003, 2015, 1995, 2001, 1997, 2000, 2002, 1994, 2016, 2015, 1995, 1997, 1994, 2016, 1997, 2016, 2016;
Wigs, 2009, 1989, 2006, 2005, 1995, 1987, 2001, 2008, 1997, 2007, 2000, 1996, 1991, 2002, 1994, 2006, 1998, 1992, 2003, 2005, 1987, 2001, 1997, 2000, 1991, 1994, 1998, 2003, 2001, 2000, 1994, 1998, 2001, 1998, 1998;
yoblazer, 2009, 1989, 2006, 2005, 1995, 1987, 2001, 2008, 1997, 2007, 2000, 1996, 1991, 2002, 1994, 2006, 1998, 1992, 2003, 2005, 1995, 2001, 1997, 2000, 1991, 1994, 1998, 2003, 2001, 1997, 1994, 1998, 2001, 1998, 1998;
Leonhart, 2009, 1989, 2006, 2005, 1995, 1985, 2001, 2008, 1997, 2007, 1990, 1996, 1991, 2002, 1994, 2006, 1998, 1992, 2003, 2005, 1995, 2001, 1997, 1996, 1991, 1994, 1998, 2003, 2001, 1997, 1991, 1998, 1997, 1998, 1998;
tranny, 2009, 1989, 2006, 2005, 1995, 1987, 2001, 2008, 1997, 2007, 2000, 1996, 1991, 2002, 1994, 2006, 1998, 1992, 2003, 2005, 1995, 2001, 1997, 2000, 1991, 1994, 1998, 2003, 2001, 1997, 1994, 1998, 1997, 1998, 1998;
Ringworm, 2009, 1989, 2006, 2005, 1995, 1987, 2001, 2008, 1997, 2007, 2000, 1996, 1991, 2002, 1994, 2011, 1998, 1992, 2013, 2015, 1995, 2001, 1997, 2000, 1991, 1994, 1998, 2015, 1995, 1997, 1991, 1998, 1997, 1998, 1998;
SecretSquirrel, 2009, 1989, 2006, 2005, 1995, 1987, 2001, 2008, 1997, 2007, 2000, 1996, 1991, 2002, 1994, 2006, 1998, 1992, 2003, 2005, 1995, 2001, 1997, 1996, 1991, 1994, 1998, 2003, 2001, 1996, 1991, 1998, 2001, 1998, 1998;
Dragon66116, 2009, 1989, 2006, 2005, 1995, 1987, 2001, 2008, 1997, 2007, 2000, 1996, 1991, 2002, 1994, 2011, 1998, 1992, 2003, 2015, 1995, 2001, 1997, 1996, 1991, 1994, 1998, 2015, 2001, 1997, 1991, 1998, 2001, 1998, 1998;
JONALEON, 2009, 1989, 2006, 2005, 1995, 1987, 2001, 2008, 1997, 2007, 2000, 1996, 1991, 2002, 1994, 2006, 1998, 1992, 2003, 2005, 1995, 2001, 1997, 2000, 1991, 1994, 1998, 2003, 2001, 1997, 1994, 1998, 2001, 1998, 1998;
cloelea, 2009, 1989, 2006, 2005, 1995, 1987, 2001, 2008, 1997, 2007, 2000, 1996, 1991, 2002, 1994, 2006, 1998, 1992, 2003, 2005, 1995, 2001, 1997, 1996, 1991, 1994, 1998, 2003, 2001, 1997, 1991, 1998, 2001, 1998, 1998;
DomaDragoon, 2009, 1989, 2006, 2005, 1995, 1987, 2001, 2008, 1997, 2007, 2000, 1996, 1991, 2010, 1994, 2011, 1998, 1992, 2003, 2015, 1995, 2001, 1997, 2000, 1991, 2011, 1998, 2003, 2001, 1997, 2011, 1998, 2001, 1998, 1998;
Camden, 2009, 1989, 2006, 2005, 1995, 1987, 2001, 2008, 1997, 2007, 2000, 1996, 1991, 2002, 1994, 2006, 1998, 1992, 2003, 2005, 1995, 2001, 1997, 1996, 1991, 1994, 1998, 2005, 2001, 1997, 1991, 1998, 1997, 1998, 1998;
Oxbridge, 2009, 1989, 2006, 2005, 1995, 1987, 2001, 2008, 1997, 2007, 1990, 1996, 1991, 2002, 1994, 2006, 1998, 1992, 2003, 2005, 1995, 2001, 1997, 1996, 1991, 1994, 1998, 2003, 1995, 1996, 1994, 1998, 1995, 1998, 1998;
WalkingWiki , 2009, 1989, 2006, 2005, 1995, 1987, 2001, 2008, 1997, 2007, 2000, 1996, 1991, 2002, 2004, 2011, 1998, 1992, 2003, 2005, 1995, 2001, 1997, 1996, 2002, 2011, 1998, 2005, 1995, 1997, 2002, 1998, 1997, 1998, 1998;
foolmo, 2009, 1989, 2006, 2005, 1995, 1987, 2001, 2009, 1997, 2012, 2000, 1996, 1991, 2002, 2004, 2006, 1998, 1992, 2003, 2005, 1987, 2001, 1997, 1996, 1991, 2006, 1998, 2005, 2001, 1997, 2006, 1998, 1997, 1998, 1998;
ZeroSignal, 2009, 1989, 2006, 2005, 1995, 1987, 2001, 2008, 1997, 2007, 2000, 1996, 1991, 2002, 1994, 2006, 1998, 1992, 2003, 2005, 1995, 2001, 1997, 1996, 1991, 1994, 1998, 2005, 2001, 1997, 1994, 1998, 2001, 1998, 1998;
Keltiq, 2009, 1989, 2006, 2005, 1995, 1987, 2001, 2008, 1997, 2007, 2000, 1996, 1991, 2002, 1994, 2011, 1998, 1992, 2003, 2005, 1995, 2001, 1997, 2000, 1991, 1994, 1998, 2003, 1995, 1997, 1994, 1998, 1997, 1998, 1998;
MZero, 2009, 1989, 2006, 2005, 1995, 1987, 2001, 2008, 1997, 2007, 1990, 1996, 1991, 2002, 2004, 2011, 1998, 1992, 2013, 2005, 1987, 2001, 1997, 1996, 1991, 2004, 1998, 2005, 2001, 1997, 1991, 1998, 2001, 1998, 2001;
Magmortar, 2009, 1989, 2006, 2005, 1995, 1985, 2001, 2008, 1997, 2007, 1990, 1996, 1991, 2002, 1994, 2006, 1998, 1992, 2003, 2005, 1995, 2001, 1997, 1996, 1991, 1994, 1998, 2003, 2001, 1997, 1991, 1998, 2001, 1998, 1998;
Lieutenant Kettch, 2009, 1989, 2006, 2005, 1995, 1987, 2001, 2008, 1997, 2007, 2000, 1996, 1991, 2002, 2004, 2006, 1998, 1992, 2003, 2015, 1995, 2001, 1997, 2000, 1991, 2004, 1998, 2003, 2001, 1997, 2004, 1998, 2001, 1998, 1998;
CybrMonkey, 2009, 1989, 2006, 2005, 1995, 1987, 2001, 2008, 1997, 2007, 2000, 1996, 1991, 2010, 1994, 2011, 1998, 1992, 2003, 2015, 1987, 2001, 1997, 2000, 1991, 2011, 1998, 2003, 2001, 1997, 2011, 1998, 1997, 1998, 1998;
INCEPTlON, 2009, 1989, 2006, 2005, 1995, 1987, 2001, 2008, 1997, 2007, 2000, 1996, 1991, 2002, 1994, 2011, 1998, 2016, 2003, 2015, 1995, 2001, 1997, 2000, 1991, 1994, 1998, 2003, 2001, 2000, 1991, 1998, 2001, 1998, 1998;
Regaro, 2009, 1989, 2006, 2005, 1995, 1987, 2001, 2008, 1997, 2012, 2000, 1996, 1991, 2002, 1994, 2011, 1998, 1992, 2003, 2015, 1995, 2001, 1997, 2000, 1991, 1994, 1998, 2003, 2001, 1997, 1991, 1998, 1997, 1998, 1998;
ZaziGuado, 2009, 1989, 2006, 2005, 1995, 1985, 2001, 2008, 1997, 2007, 2000, 1996, 1991, 2002, 2004, 2011, 1998, 1992, 2013, 2005, 1995, 2001, 1997, 1996, 1991, 2011, 1998, 2013, 2001, 1996, 1991, 1998, 1996, 1998, 1998;
SpikeDragon, 2009, 1989, 2006, 2005, 1995, 1987, 2001, 2008, 1997, 2007, 2000, 1996, 1991, 2002, 1994, 2011, 1998, 1992, 2003, 2005, 1987, 2001, 1997, 2000, 1991, 2011, 1998, 2003, 2001, 2000, 1991, 1998, 2001, 1998, 2001;
hockeydude, 2009, 1989, 2006, 2005, 1995, 1985, 2001, 2008, 1997, 2007, 2000, 1996, 1991, 2010, 2004, 2011, 1998, 1992, 2013, 2015, 1995, 2001, 1997, 2000, 1991, 2011, 1998, 2013, 2001, 1997, 1991, 1998, 1997, 1998, 1998;
azuarc, 2009, 1989, 2006, 2005, 1995, 1987, 2001, 2008, 1997, 2007, 2000, 1996, 1991, 2002, 1994, 2006, 1998, 1992, 2003, 2015, 1987, 2001, 1997, 2000, 1991, 1994, 1998, 2003, 2001, 2000, 1991, 1998, 2001, 1991, 1991;
demphra, 2009, 1989, 2006, 2005, 1995, 1985, 2001, 2008, 1997, 2007, 1990, 1996, 1991, 2002, 1994, 2006, 1998, 1992, 2003, 2005, 1995, 2001, 1997, 1996, 1991, 1994, 1998, 2003, 2001, 1997, 1991, 1998, 2001, 1998, 1998;
BKSheikah, 2009, 1989, 2006, 2005, 1995, 1987, 2001, 2008, 1997, 2007, 2000, 1996, 1991, 2002, 1994, 2006, 1998, 1992, 2003, 2005, 1995, 2001, 1997, 1996, 1991, 1994, 1998, 2003, 2001, 1997, 1994, 1998, 2001, 1998, 1998;
spooky, 2009, 1989, 2006, 2005, 1995, 1987, 2001, 2008, 1997, 2007, 2000, 1996, 1991, 2002, 1994, 2006, 1998, 1992, 2003, 2005, 1995, 2001, 1997, 1996, 1991, 1994, 1998, 2003, 1995, 1997, 1991, 1998, 1995, 1998, 1998;
Joelypoely, 2009, 1989, 2006, 2005, 1995, 1985, 2001, 2008, 1999, 2012, 2000, 1996, 1991, 2010, 2004, 2006, 1998, 1992, 2013, 2005, 1995, 2001, 1999, 2000, 2010, 2006, 1998, 2013, 2001, 2000, 2006, 2013, 2001, 2013, 2001;
ff6man, 2009, 1989, 2006, 2005, 1995, 1987, 2001, 2008, 1997, 2007, 2000, 1996, 1991, 2002, 1994, 2011, 1998, 1992, 2013, 2005, 1995, 2001, 1997, 1996, 1991, 1994, 1998, 2013, 2001, 1996, 1994, 1998, 2001, 1998, 1998;
Kleenex, 2009, 1989, 2006, 2005, 1995, 1987, 2001, 2008, 1997, 2012, 2000, 1996, 1991, 2002, 1994, 2006, 1998, 1992, 2003, 2015, 1995, 2001, 1997, 1996, 1991, 1994, 1998, 2015, 1995, 1997, 1991, 1998, 1995, 1998, 1998;
Korayashi, 2009, 1989, 2006, 2005, 1995, 1987, 2001, 2008, 1997, 2012, 2000, 1996, 1991, 2002, 1994, 2011, 1998, 1992, 2013, 2005, 1995, 2001, 1997, 1996, 1991, 2011, 1998, 2013, 1995, 1996, 1991, 1998, 1996, 1998, 1998;
pirate109, 2009, 1989, 2006, 2005, 1995, 1987, 2001, 2008, 1997, 2007, 2000, 1996, 1991, 2010, 1994, 2011, 1998, 1992, 2003, 2005, 1995, 2001, 1997, 2000, 2010, 2011, 1998, 2005, 2001, 1997, 2011, 1998, 2001, 1998, 1998;
charmander, 2009, 1989, 2006, 2005, 1995, 1987, 2001, 2008, 1997, 2007, 2000, 1996, 1991, 2002, 1994, 2006, 1998, 1992, 2003, 2005, 1995, 2001, 1997, 2000, 1991, 1994, 1998, 2003, 2001, 2000, 1994, 1998, 2001, 1998, 1998;
ZeldaTPLink , 2009, 1989, 2006, 2005, 1995, 1987, 2001, 2008, 1997, 2007, 2000, 1996, 1991, 2002, 1994, 2011, 1998, 1992, 2003, 2005, 1995, 2001, 1997, 1996, 1991, 1994, 1998, 2003, 2001, 1997, 1991, 1998, 1997, 1998, 1998;
PSI_NESS, 2009, 1989, 2006, 2005, 1995, 1987, 2001, 2008, 1997, 2007, 2000, 1996, 1991, 2002, 1994, 2006, 1998, 1992, 2003, 2005, 1995, 2001, 1997, 2000, 1991, 1994, 1998, 2003, 2001, 2000, 1994, 1998, 2001, 1998, 1998;
foxhead84, 2009, 1989, 2006, 2005, 1995, 1987, 2001, 2008, 1997, 2007, 2000, 1996, 1991, 2002, 1994, 2006, 1998, 1992, 2003, 2005, 1995, 2001, 1997, 1996, 1991, 1994, 1998, 2003, 2001, 1997, 1991, 1998, 2001, 1998, 1998;
Dr_Football, 2009, 1989, 2006, 2005, 1995, 1987, 2001, 2008, 1997, 2007, 1990, 1996, 1991, 2002, 2004, 2011, 1998, 1992, 2013, 2005, 1995, 2001, 1997, 1996, 1991, 2004, 1998, 2005, 2001, 1997, 1991, 1998, 2001, 1998, 2001;
LordoftheMorons, 2009, 1989, 2006, 2005, 1995, 1987, 2001, 2008, 1997, 2007, 2000, 1996, 1991, 2002, 1994, 2006, 1998, 1992, 2003, 2005, 1995, 2001, 1997, 2000, 1991, 1994, 1998, 2003, 2001, 1997, 1994, 1998, 2001, 1998, 1998;
Z1mZum, 2009, 1983, 2006, 2005, 1995, 1985, 2001, 2008, 1997, 2007, 2000, 1996, 1991, 2010, 1994, 2011, 1998, 1992, 2013, 2015, 1995, 2001, 1997, 1996, 1991, 1994, 1998, 2015, 1995, 1997, 1994, 1998, 1995, 1998, 1998;
Snake5s, 2009, 1989, 2006, 2005, 1995, 1987, 2001, 2008, 1997, 2007, 1990, 1996, 1991, 2010, 2004, 2011, 1998, 1992, 2013, 2005, 1995, 2001, 1997, 1996, 2010, 2004, 1998, 2005, 2001, 1996, 2004, 1998, 2001, 1998, 1998;
PramTheOracle, 2009, 1989, 2006, 2005, 1995, 1987, 2001, 2008, 1997, 2012, 2000, 1996, 1991, 2002, 2004, 2011, 1998, 1992, 2003, 2015, 1987, 2001, 1997, 1996, 1991, 2004, 1998, 2015, 1987, 1997, 1991, 1998, 1997, 1998, 1998;
Unknown_voter , 2009, 1989, 2006, 2005, 1995, 1987, 2001, 2008, 1997, 2007, 2000, 1996, 1991, 2002, 2004, 2006, 1998, 1992, 2003, 2015, 1987, 2001, 1997, 2000, 1991, 2006, 1998, 2003, 2001, 2000, 1991, 1998, 2000, 1998, 1998;
WhiteLens, 2009, 1989, 2006, 2005, 1995, 1987, 2001, 2008, 1997, 2007, 1990, 1996, 1991, 2002, 1994, 2006, 1998, 1992, 2003, 2005, 1995, 2001, 1997, 1996, 1991, 1994, 1998, 2005, 2001, 1997, 1991, 1998, 2001, 1998, 1998;
mnkboy, 2009, 1989, 2006, 2005, 1995, 1987, 2001, 2008, 1997, 2007, 2000, 1996, 1991, 2002, 1994, 2006, 1998, 2016, 2013, 2015, 1987, 2001, 1997, 2000, 1991, 1994, 1998, 2013, 2001, 1997, 1991, 1998, 2001, 1998, 1998;
Jdsmart, 2009, 1989, 1981, 2005, 1995, 1987, 2001, 2008, 1997, 2007, 2000, 1989, 1991, 2002, 2004, 2011, 1998, 1992, 2013, 2005, 1987, 2001, 1997, 1989, 2002, 2011, 1998, 2013, 2001, 1997, 2011, 1998, 1997, 1998, 1998;
UltimaterializerX, 2009, 1989, 2006, 2005, 1995, 1987, 2001, 2008, 1997, 2007, 1990, 1996, 1991, 2002, 1994, 2006, 1998, 1992, 2003, 2005, 1995, 2001, 1997, 1996, 1991, 1994, 1998, 2003, 1995, 1996, 1991, 1998, 1995, 1998, 1998;
pyresword, 2009, 1989, 2006, 2005, 1995, 1985, 2001, 2008, 1997, 2007, 2000, 1996, 1991, 2002, 1994, 2006, 1998, 1992, 2003, 2005, 1995, 2001, 1997, 2000, 1991, 1994, 1998, 2003, 2001, 2000, 1991, 1998, 2001, 1998, 1998;
tazzyboyishere, 2009, 1989, 2006, 2005, 1995, 1987, 2001, 2008, 1997, 2007, 1990, 1996, 1991, 2002, 1994, 2006, 1998, 1992, 2003, 2005, 1995, 2001, 1997, 1996, 1991, 1994, 1998, 2005, 2001, 1997, 1994, 1998, 1997, 1998, 1998;
linkhatesganon, 2009, 1989, 2006, 2005, 1995, 1987, 2001, 2008, 1997, 2007, 2000, 1996, 1991, 2002, 1994, 2006, 1998, 1992, 2003, 2005, 1995, 2001, 1997, 1996, 1991, 1994, 1998, 2005, 2001, 1997, 1994, 1998, 2001, 1998, 1998;
Radix, 2009, 1989, 2006, 2005, 1995, 1987, 2001, 2008, 1997, 2007, 2000, 1996, 1991, 2002, 1994, 2006, 1998, 1992, 2003, 2005, 1995, 2001, 1997, 2000, 1991, 1994, 1998, 2005, 2001, 2000, 1994, 1998, 2001, 1998, 1998;
Jillybean, 2009, 1989, 2006, 2005, 1995, 1987, 2001, 2008, 1997, 2007, 2000, 1996, 1991, 2002, 1994, 2011, 1998, 2016, 2003, 2015, 1995, 2001, 1997, 2000, 1991, 1994, 2016, 2003, 2001, 2000, 1991, 2016, 2001, 2016, 2016;
t_kizzle, 2009, 1989, 2006, 2005, 1995, 1987, 2001, 2008, 1997, 2007, 2000, 1996, 1991, 2002, 1994, 2006, 1998, 1992, 2003, 2005, 1995, 2001, 1997, 2000, 1991, 1994, 1998, 2003, 2001, 1997, 1994, 1998, 1997, 1998, 1998;
Ytterbicide, 2009, 1983, 2006, 2005, 1995, 1987, 2001, 2008, 1997, 2007, 1990, 1996, 1991, 2002, 1994, 2011, 1998, 2016, 2003, 2005, 1995, 2001, 1997, 1996, 1991, 1994, 1998, 2005, 2001, 1997, 1991, 1998, 1997, 1998, 1998;
Safer_777, 2009, 1989, 2006, 2005, 1995, 1987, 2001, 2008, 1997, 2007, 2000, 1996, 1991, 2002, 1994, 2006, 1998, 1992, 2003, 2005, 1995, 2001, 1997, 1996, 1991, 1994, 1998, 2005, 2001, 1997, 1991, 1998, 2001, 1998, 1998;
davidponte, 2009, 1989, 2006, 2005, 1995, 1987, 2001, 2008, 1997, 2007, 1990, 1996, 1991, 2002, 1994, 2006, 1998, 1992, 2003, 2005, 1995, 2001, 1997, 1996, 1991, 1994, 1998, 2005, 2001, 1997, 1991, 1998, 2001, 1998, 1998;
ChichiriMuyo , 2009, 1989, 2006, 2005, 1995, 1987, 2001, 2008, 1997, 2007, 1990, 1996, 1991, 2002, 1994, 2011, 1998, 1992, 2003, 2015, 1995, 2001, 1997, 1996, 1991, 1994, 1998, 2003, 1995, 1996, 1991, 1998, 1996, 1998, 1998;
Luster Solider, 2009, 1989, 2006, 2005, 1995, 1987, 2001, 2008, 1997, 2007, 2000, 1996, 1991, 2002, 1994, 2006, 1998, 1992, 2003, 2005, 1995, 2001, 1997, 2000, 1991, 1994, 1998, 2003, 2001, 1997, 1994, 1998, 2001, 1998, 1998;
BaneOfDespair, 2009, 1989, 2006, 2005, 1995, 1987, 2001, 2008, 1997, 2007, 2000, 1996, 1991, 2010, 1994, 2006, 1998, 2016, 2003, 2005, 1995, 2001, 1997, 1996, 1991, 1994, 1998, 2003, 2001, 1997, 1994, 1998, 2001, 1998, 1998;
alblito, 2009, 1989, 2006, 2005, 1995, 1987, 2001, 2008, 1997, 2007, 2000, 1996, 1991, 2002, 1994, 2006, 1998, 1992, 2003, 2005, 1995, 2001, 1997, 1996, 2002, 1994, 1998, 2005, 1995, 1997, 1994, 1998, 1995, 1998, 1998;
SwiftyDC, 2009, 1989, 2006, 2005, 1995, 1987, 2001, 2008, 1997, 2007, 2000, 1996, 1991, 2002, 1994, 2006, 1998, 1992, 2003, 2005, 1995, 2001, 1997, 1996, 1991, 1994, 1998, 2003, 2001, 1997, 1991, 1998, 2001, 1998, 1998;
voltch, 2009, 1989, 2006, 2005, 1995, 1987, 2001, 2008, 1997, 2007, 1990, 1996, 1991, 2002, 2004, 2006, 1998, 1992, 2003, 2005, 1995, 2001, 1997, 1996, 1991, 2004, 1998, 2005, 1995, 1997, 1991, 1998, 1997, 1998, 1998;
jcgamer, 2009, 1989, 1981, 2005, 1995, 1985, 2001, 2008, 1997, 2007, 1990, 1996, 1991, 2002, 1994, 2011, 1998, 1992, 2013, 2015, 1995, 2001, 1997, 1996, 1991, 1994, 1998, 2015, 2001, 1997, 1994, 2015, 1997, 2015, 1997;
Ultimaphazon, 2009, 1989, 2006, 2005, 1995, 1987, 2001, 2008, 1997, 2007, 2000, 1996, 1991, 2002, 1994, 2006, 1998, 1992, 2013, 2015, 1995, 2001, 1997, 1996, 1991, 1994, 1998, 2013, 2001, 1997, 1994, 1998, 2001, 1998, 1998;
haloiscoolisbak, 2009, 1989, 2006, 2005, 1995, 1987, 2001, 2008, 1997, 2007, 2000, 1996, 1991, 2002, 1994, 2011, 1998, 1992, 2003, 2005, 1995, 2001, 1997, 1996, 1991, 1994, 1998, 2005, 2001, 1997, 1994, 1998, 2001, 1998, 1998;
Wibo, 2009, 1989, 2006, 2005, 1995, 1987, 2001, 2008, 1997, 2007, 2000, 1996, 1991, 2002, 1994, 2011, 1998, 1992, 2013, 2005, 1995, 2001, 1997, 2000, 1991, 2011, 1998, 2013, 1995, 1997, 1991, 1998, 1995, 1998, 1998;
swirldude, 2009, 1983, 2006, 2005, 1995, 1987, 2001, 2008, 1997, 2007, 2000, 1996, 1991, 2002, 1994, 2006, 1998, 1992, 2003, 2005, 1995, 2001, 1997, 1996, 1991, 1994, 1998, 2003, 2001, 1996, 1994, 1998, 1996, 1998, 1998;
bbbtime, 2009, 1989, 2006, 2005, 1995, 1987, 2001, 2008, 1997, 2007, 2000, 1996, 1991, 2002, 2004, 2011, 1998, 1992, 2003, 2015, 1995, 2001, 1997, 1996, 1991, 2011, 1998, 2015, 2001, 1997, 1991, 1998, 1997, 1998, 1998;
FFDragon , 2009, 1989, 2006, 2005, 1995, 1987, 2001, 2008, 1997, 2007, 2000, 1996, 1991, 2010, 2004, 2011, 1998, 1992, 2013, 2015, 1995, 2001, 1997, 1996, 1991, 2004, 1998, 2015, 1995, 1996, 1991, 1998, 1996, 1998, 1998;
Lord Bob Bree, 2009, 1989, 2006, 2005, 1995, 1987, 2001, 2009, 1997, 2007, 2000, 1996, 1991, 2002, 1994, 2006, 1998, 2016, 2003, 2005, 1995, 2001, 1997, 2000, 2002, 1994, 2016, 2005, 2001, 1997, 2002, 2016, 2001, 2016, 2016;
Cody11533, 2009, 1989, 2006, 2005, 1995, 1987, 2001, 2008, 1997, 2007, 2000, 1996, 1991, 2002, 1994, 2006, 1998, 1992, 2003, 2005, 1995, 2001, 1997, 2000, 1991, 1994, 1998, 2003, 2001, 1997, 1994, 1998, 2001, 1998, 1998;
Arti , 2009, 1989, 2006, 2005, 1995, 1987, 2001, 2008, 1997, 2007, 2000, 1996, 1991, 2002, 1994, 2006, 1998, 2016, 2013, 2015, 1995, 2001, 1997, 1996, 1991, 1994, 1998, 2015, 2001, 1997, 1994, 1998, 2001, 1998, 1998;
abdou, 2009, 1983, 2006, 2005, 1995, 1987, 2001, 2008, 1997, 2007, 1990, 1996, 1991, 2002, 1994, 2006, 1998, 1992, 2003, 2005, 1995, 2001, 1997, 1996, 1991, 2006, 1998, 2005, 1995, 1997, 2006, 1998, 1997, 1998, 1998;
DpObliVion, 2009, 1989, 2006, 2005, 1995, 1987, 2001, 2008, 1997, 2007, 2000, 1996, 1991, 2002, 1994, 2006, 1998, 1992, 2003, 2015, 1995, 2001, 1997, 2000, 1991, 2006, 1998, 2003, 2001, 1997, 1991, 1998, 1997, 1998, 1998;
Team Rocket Elite, 2009, 1989, 2006, 2005, 1995, 1987, 2001, 2008, 1997, 2007, 2000, 1996, 1991, 2002, 1994, 2006, 1998, 1992, 2003, 2005, 1995, 2001, 1997, 2000, 1991, 1994, 1998, 2003, 1995, 1997, 1994, 1998, 1995, 1998, 1998;
gearofages, 2009, 1989, 2006, 2005, 1995, 1987, 2001, 2008, 1997, 2007, 2000, 1996, 1991, 2002, 1994, 2006, 1998, 1992, 2013, 2005, 1995, 2001, 1997, 1996, 1991, 1994, 1998, 2005, 2001, 1997, 1994, 1998, 2001, 1998, 1998;
HaRRicH , 2009, 1989, 2006, 2005, 1995, 1985, 2001, 2008, 1997, 2007, 2000, 1996, 1991, 2002, 1994, 2006, 1998, 1992, 2003, 2005, 1995, 2001, 1997, 2000, 1991, 1994, 1998, 2003, 2001, 1997, 1991, 1998, 2001, 1998, 1998;
AxemRedRanger, 2009, 1989, 2006, 2005, 1995, 1987, 2001, 2008, 1997, 2007, 2000, 1996, 1991, 2002, 1994, 2006, 1998, 1992, 2003, 2005, 1995, 2001, 1997, 2000, 1991, 1994, 1998, 2003, 2001, 2000, 1994, 1998, 2000, 1998, 1998;
Paratroopa, 2009, 1989, 2006, 2005, 1995, 1987, 2001, 2008, 1997, 2007, 2000, 1996, 1991, 2002, 1994, 2006, 1998, 1992, 2003, 2015, 1995, 2001, 1997, 2000, 1991, 1994, 1998, 2003, 2001, 1997, 1994, 1998, 2001, 1998, 1998;
jacko_vdz, 2009, 1989, 2006, 2005, 1995, 1987, 2001, 2008, 1997, 2007, 2000, 1996, 1991, 2002, 1994, 2006, 1998, 1992, 2003, 2005, 1995, 2001, 1997, 1996, 1991, 1994, 1998, 2003, 2001, 1996, 1991, 1998, 2001, 1998, 1998;
Nintendoboy375, 2009, 1989, 2006, 2005, 1995, 1987, 2001, 2008, 1997, 2007, 2000, 1996, 1991, 2002, 1994, 2006, 1998, 1992, 2003, 2005, 1995, 2001, 1997, 2000, 1991, 1994, 1998, 2003, 1995, 1997, 1991, 1998, 1997, 1998, 1998;
Wizardsfan, 2009, 1989, 1981, 2005, 1995, 1987, 2001, 2008, 1999, 2007, 2000, 1996, 1991, 2010, 2004, 2006, 1998, 1992, 2013, 2005, 1987, 2001, 2007, 1996, 2010, 2004, 1998, 2005, 2001, 2007, 2010, 2005, 2007, 2010, 2007;
Glenn_and_Toad , 2009, 1989, 2006, 2005, 1995, 1987, 2001, 2008, 1997, 2007, 2000, 1996, 1991, 2002, 1994, 2006, 1998, 1992, 2003, 2005, 1995, 2001, 1997, 2000, 1991, 1994, 1998, 2003, 2001, 2000, 1994, 1998, 2001, 1998, 1998;
OrangeCrush980, 2009, 1989, 2006, 2005, 1995, 1987, 2001, 2008, 1997, 2007, 2000, 1996, 1991, 2002, 1994, 2006, 1998, 1992, 2003, 2005, 1995, 2001, 1997, 2000, 1991, 1994, 1998, 2003, 2001, 2000, 1994, 1998, 2001, 1998, 1998;
Finalxflash, 2009, 1989, 2006, 2005, 1995, 1985, 2001, 2008, 1997, 2007, 2000, 1996, 1991, 2002, 1994, 2006, 1998, 1992, 2003, 2015, 1995, 2001, 1997, 2000, 1991, 2006, 1998, 2015, 2001, 1997, 1991, 1998, 1997, 1998, 1998;
Terastodon, 2009, 1989, 2006, 2005, 1995, 1985, 2001, 2008, 1997, 2007, 2000, 1996, 1991, 2002, 2004, 2006, 1998, 1992, 2013, 2005, 1995, 2001, 1997, 2000, 1991, 2006, 1998, 2013, 2001, 2000, 2006, 1998, 2001, 1998, 2001;
Tsunami, 2009, 1989, 2006, 2005, 1995, 1985, 2001, 2008, 1997, 2007, 2000, 1996, 1991, 2002, 1994, 2006, 1998, 1992, 2013, 2005, 1995, 2001, 1997, 1996, 1991, 1994, 1998, 2013, 2001, 1997, 1991, 1998, 1997, 1998, 1998;
whatisurnameplz, 2009, 1989, 2006, 2005, 1995, 1987, 2001, 2008, 1997, 2007, 2000, 1996, 1991, 2002, 1994, 2006, 1998, 1992, 2003, 2005, 1995, 2001, 1997, 2000, 1991, 1994, 1998, 2005, 2001, 2000, 1991, 1998, 2001, 1998, 1998;
Vengeful_KBM, 2009, 1989, 2006, 2005, 1995, 1985, 2001, 2009, 1997, 2007, 2000, 1996, 1991, 2002, 2004, 2011, 1998, 1992, 2003, 2015, 1995, 2001, 1997, 1996, 2002, 2004, 1998, 2015, 2001, 1997, 2004, 1998, 2001, 1998, 1998;
Mac Arrowny, 2009, 1989, 2006, 2005, 1995, 1987, 2001, 2008, 1997, 2007, 2000, 1996, 1991, 2002, 1994, 2006, 1998, 1992, 2003, 2005, 1995, 2001, 1997, 2000, 1991, 1994, 1998, 2003, 2001, 1997, 1994, 1998, 2001, 1998, 1998;
cyko, 2009, 1989, 2006, 2005, 1995, 1985, 2001, 2008, 1997, 2007, 2000, 1996, 1991, 2002, 1994, 2011, 1998, 1992, 2003, 2005, 1995, 2001, 1997, 1996, 1991, 1994, 1998, 2003, 1995, 1997, 1991, 1998, 1997, 1998, 1998;
SSBM_Guy, 2009, 1989, 2006, 2005, 1995, 1985, 2001, 2008, 1997, 2007, 2000, 1996, 1991, 2002, 1994, 2011, 1998, 1992, 2003, 2005, 1995, 2001, 1997, 1996, 1991, 1994, 1998, 2003, 1995, 1997, 1991, 1998, 1997, 1998, 1998;
greengravy, 2009, 1989, 2006, 2005, 1986, 1987, 2001, 2008, 1997, 2007, 2000, 1996, 1991, 2002, 2004, 2011, 1998, 1992, 2013, 2015, 1987, 2001, 1997, 1996, 2002, 2004, 1998, 2015, 2001, 1997, 2002, 2015, 2001, 2015, 2015;
SgtSphynx, 2009, 1989, 2006, 2005, 1995, 1987, 2001, 2009, 1997, 2007, 1990, 1996, 1991, 2002, 1994, 2011, 1998, 1992, 2013, 2015, 1995, 2001, 1997, 1996, 1991, 2011, 1998, 2015, 1995, 1996, 2011, 2015, 1996, 2015, 1996;
GTM, 2009, 1989, 2006, 2005, 1995, 1987, 2001, 2008, 1997, 2007, 2000, 1996, 1991, 2002, 1994, 2006, 1998, 1992, 2003, 2015, 1995, 2001, 1997, 1996, 1991, 1994, 1998, 2003, 1995, 1996, 1991, 1998, 1996, 1998, 1998;
StifledSilence, 2009, 1989, 2006, 2005, 1995, 1987, 2001, 2008, 1997, 2007, 1990, 1996, 1991, 2002, 1994, 2006, 1998, 1992, 2013, 2005, 1995, 2001, 1997, 1996, 1991, 1994, 1998, 2005, 2001, 1997, 1994, 1998, 1997, 1998, 1998;
kateee , 2009, 1989, 2006, 2005, 1995, 1985, 2001, 2008, 1997, 2007, 2000, 1996, 1991, 2002, 1994, 2006, 1998, 1992, 2003, 2005, 1995, 2001, 1997, 1996, 1991, 1994, 1998, 2003, 2001, 1997, 1991, 1998, 2001, 1998, 2001;
stingers, 2009, 1989, 2006, 2005, 1995, 1987, 2001, 2008, 1997, 2007, 2000, 1996, 1991, 2002, 2004, 2011, 1998, 2016, 2013, 2015, 1995, 2001, 1997, 1996, 2002, 2011, 1998, 2015, 2001, 1997, 2002, 1998, 2001, 1998, 1998;
LordOfDabu, 2009, 1989, 2006, 2005, 1995, 1985, 2001, 2008, 1997, 2007, 2000, 1996, 1991, 2002, 1994, 2006, 1998, 1992, 2003, 2015, 1995, 2001, 1997, 1996, 1991, 1994, 1998, 2015, 1995, 1997, 1991, 1998, 1997, 1998, 1998;
scaryice, 2009, 1989, 2006, 2005, 1995, 1987, 2001, 2008, 1997, 2007, 2000, 1996, 1991, 2002, 1994, 2006, 1998, 1992, 2003, 2005, 1995, 2001, 1997, 1996, 1991, 1994, 1998, 2003, 2001, 1997, 1994, 1998, 1997, 1998, 1998;
Menji , 2009, 1989, 2006, 2005, 1995, 1985, 2001, 2008, 1997, 2007, 2000, 1996, 1991, 2002, 1994, 2011, 1998, 1992, 2013, 2015, 1995, 2001, 1997, 2000, 1991, 1994, 1998, 2015, 2001, 2000, 1991, 1998, 2000, 1998, 1998;
MoogleKupo, 2009, 1989, 2006, 2005, 1995, 1987, 2001, 2008, 1997, 2007, 2000, 1996, 1991, 2002, 1994, 2006, 1998, 1992, 2003, 2015, 1995, 2001, 1997, 1996, 1991, 2006, 1998, 2003, 2001, 1997, 1991, 1998, 2001, 1998, 1998;
Lightning Strikes , 2009, 1989, 2006, 2005, 1995, 1985, 2001, 2008, 1997, 2007, 2000, 1996, 1991, 2002, 2004, 2011, 1998, 1992, 2003, 2005, 1995, 2001, 1997, 1996, 1991, 2004, 1998, 2003, 2001, 1997, 1991, 1998, 2001, 1998, 1998;
CasanovaZelos, 2009, 1989, 2006, 2005, 1995, 1985, 2001, 2008, 1997, 2007, 2000, 1996, 1991, 2010, 1994, 2011, 1998, 1992, 2003, 2005, 1995, 2001, 1997, 1996, 1991, 1994, 1998, 2005, 2001, 1997, 1994, 1998, 1997, 1998, 1998;
raytan, 2009, 1989, 2006, 2005, 1986, 1987, 2001, 2009, 1997, 2007, 1990, 1989, 1991, 2002, 2004, 2011, 1998, 2016, 2003, 2015, 1986, 2001, 1997, 1990, 1991, 2004, 1998, 2003, 2001, 1997, 1991, 1998, 2001, 1998, 1998;
Cavedweller, 2009, 1989, 2006, 2005, 1995, 1987, 2001, 2008, 1997, 2007, 2000, 1989, 1991, 2002, 2004, 2006, 1998, 1992, 2013, 2005, 1995, 2001, 1997, 2000, 2002, 2006, 1998, 2005, 1995, 1997, 2006, 1998, 1997, 1998, 1998;
tyder, 2009, 1989, 2006, 2005, 1995, 1987, 2001, 2008, 1997, 2007, 2000, 1996, 1991, 2002, 1994, 2011, 1998, 1992, 2003, 2015, 1995, 2001, 1997, 2000, 1991, 2011, 1998, 2003, 2001, 2000, 2011, 1998, 2000, 1998, 1998;
TVontheRadio, 2009, 1989, 2006, 2005, 1995, 1987, 2001, 2008, 1997, 2007, 1990, 1996, 1991, 2002, 1994, 2006, 1998, 1992, 2003, 2005, 1995, 2001, 1997, 1990, 1991, 1994, 1998, 2003, 2001, 1997, 1991, 1998, 2001, 1998, 1998;
BlAcK TuRtLe, 2009, 1989, 2006, 2005, 1995, 1987, 2001, 2008, 1997, 2007, 2000, 1996, 1991, 2002, 1994, 2006, 1998, 1992, 2003, 2015, 1987, 2001, 1997, 2000, 1991, 1994, 1998, 2003, 2001, 1997, 1991, 1998, 1997, 1998, 1998;
MysticBrohan, 2009, 1989, 2006, 2005, 1995, 1987, 2001, 2008, 1997, 2007, 2000, 1996, 1991, 2002, 2004, 2011, 1998, 2016, 2013, 2005, 1987, 2001, 1997, 1996, 1991, 2011, 1998, 2005, 2001, 1997, 2011, 1998, 2001, 1998, 2001;
paulg, 2009, 1989, 2006, 2005, 1995, 1987, 2001, 2008, 1997, 2007, 2000, 1996, 1991, 2002, 1994, 2006, 1998, 1992, 2003, 2015, 1995, 2001, 1997, 2000, 1991, 1994, 1998, 2015, 2001, 1997, 1991, 1998, 1997, 1998, 1998;
squexa, 2009, 1989, 2006, 2005, 1995, 1987, 2001, 2008, 1997, 2007, 2000, 1996, 1991, 2002, 1994, 2006, 1998, 1992, 2003, 2005, 1995, 2001, 1997, 1996, 1991, 1994, 1998, 2003, 2001, 1997, 1994, 1998, 1997, 1998, 1998;
Kenri, 2009, 1989, 2006, 2005, 1995, 1985, 2001, 2008, 1997, 2007, 2000, 1996, 1991, 2002, 1994, 2011, 1998, 1992, 2003, 2015, 1995, 2001, 1997, 2000, 2002, 1994, 1998, 2003, 2001, 1997, 1994, 1998, 2001, 1998, 1998;
XIII_rocks, 2009, 1983, 2006, 2005, 1995, 1987, 2001, 2008, 1997, 2007, 2000, 1996, 1991, 2002, 2004, 2011, 1998, 1992, 2013, 2005, 1987, 2001, 1997, 2000, 2002, 2004, 1998, 2005, 2001, 1997, 2004, 1998, 1997, 1998, 1998;
VeryInsane, 2009, 1989, 2006, 2005, 1995, 1987, 2001, 2008, 1997, 2007, 2000, 1996, 1991, 2010, 1994, 2006, 1998, 1992, 2003, 2005, 1995, 2001, 1997, 1996, 1991, 1994, 1998, 2003, 1995, 1997, 1991, 1998, 1997, 1998, 1998;
ffmasterjose, 2009, 1989, 2006, 2005, 1995, 1987, 2001, 2008, 1997, 2007, 2000, 1996, 1991, 2002, 1994, 2006, 1998, 1992, 2003, 2005, 1995, 2001, 1997, 1996, 1991, 1994, 1998, 2003, 2001, 1997, 1991, 1998, 1997, 1998, 1998;
Advokaiser , 2009, 1989, 2006, 2005, 1995, 1987, 2001, 2008, 1997, 2007, 2000, 1996, 1991, 2002, 1994, 2006, 1998, 1992, 2003, 2005, 1995, 2001, 1997, 2000, 1991, 1994, 1998, 2005, 2001, 1997, 1994, 1998, 1997, 1998, 1998;
tennisboy, 2009, 1989, 2006, 2005, 1995, 1987, 2001, 2008, 1997, 2007, 2000, 1996, 1991, 2002, 1994, 2006, 1998, 1992, 2003, 2005, 1995, 2001, 1997, 2000, 1991, 1994, 1998, 2003, 2001, 1997, 1994, 1998, 2001, 1998, 1998;
Pokalicious, 2009, 1989, 2006, 2005, 1995, 1987, 2001, 2008, 1997, 2007, 2000, 1996, 1991, 2002, 1994, 2011, 1998, 1992, 2013, 2015, 1995, 2001, 1997, 1996, 1991, 2011, 1998, 2015, 2001, 1997, 2011, 1998, 2001, 1998, 2001;
Suprak the Stud, 2009, 1989, 2006, 2005, 1995, 1987, 2001, 2008, 1997, 2007, 2000, 1996, 1991, 2010, 1994, 2011, 1998, 2016, 2013, 2015, 1995, 2001, 1997, 1996, 1991, 1994, 1998, 2015, 2001, 1996, 1991, 1998, 1996, 1998, 1998;
Lopen, 2009, 1989, 2006, 2005, 1995, 1985, 2001, 2008, 1997, 2012, 2000, 1996, 1991, 2002, 1994, 2006, 1998, 1992, 2013, 2005, 1985, 2001, 1997, 2000, 1991, 2006, 1998, 2005, 2001, 1997, 1991, 1998, 2001, 1991, 2001;
hylianknight, 2009, 1989, 2006, 2005, 1995, 1985, 2001, 2008, 1997, 2007, 2000, 1996, 1991, 2002, 1994, 2006, 1998, 1992, 2003, 2005, 1995, 2001, 1997, 2000, 1991, 1994, 1998, 2003, 2001, 2000, 1991, 1998, 2001, 1998, 1998;
Master Moltar, 2009, 1989, 2006, 2005, 1995, 1987, 2001, 2008, 1997, 2007, 2000, 1996, 1991, 2002, 1994, 2006, 1998, 1992, 2003, 2005, 1995, 2001, 1997, 2000, 1991, 1994, 1998, 2003, 2001, 2000, 1991, 1998, 2001, 1998, 1998;
Steiner, 2009, 1989, 2006, 2005, 1995, 1987, 2001, 2008, 1997, 2007, 2000, 1996, 1991, 2002, 1994, 2006, 1998, 1992, 2003, 2005, 1995, 2001, 1997, 2000, 1991, 1994, 1998, 2005, 2001, 1997, 1991, 1998, 2001, 1998, 1998;
theawesomestevr, 2009, 1989, 2006, 2005, 1995, 1987, 2001, 2008, 1997, 2007, 1990, 1996, 1991, 2002, 1994, 2006, 1998, 1992, 2003, 2005, 1995, 2001, 1997, 1996, 1991, 1994, 1998, 2005, 1995, 1996, 1994, 1998, 1995, 1998, 1998;
Shoxfan11, 2009, 1989, 2006, 2005, 1995, 1985, 2001, 2008, 1997, 2007, 2000, 1996, 1991, 2002, 1994, 2006, 1998, 1992, 2003, 2005, 1995, 2001, 1997, 1996, 1991, 1994, 1998, 2003, 1995, 1997, 1991, 1998, 1997, 1998, 1998;
NewerShadow, 2009, 1989, 2006, 2005, 1995, 1987, 2001, 2008, 1997, 2007, 2000, 1996, 1991, 2002, 2004, 2011, 1998, 1992, 2003, 2015, 1995, 2001, 1997, 1996, 1991, 2011, 1998, 2015, 2001, 1996, 1991, 1998, 2001, 1998, 1998;
ExTha, 2009, 1989, 2006, 2005, 1995, 1985, 2001, 2008, 1997, 2007, 1990, 1996, 1991, 2002, 1994, 2006, 1998, 1992, 2003, 2005, 1995, 2001, 1997, 1990, 1991, 2006, 1998, 2003, 2001, 1997, 2006, 1998, 2001, 1998, 1998;
KingBartz, 2009, 1989, 2006, 2005, 1995, 1987, 2001, 2008, 1997, 2007, 2000, 1996, 1991, 2002, 1994, 2006, 1998, 1992, 2013, 2005, 1995, 2001, 1997, 2000, 1991, 2006, 1998, 2013, 2001, 1997, 1991, 1998, 2001, 1991, 2001;
Cokes, 2009, 1989, 2006, 2005, 1995, 1987, 2001, 2008, 1997, 2007, 2000, 1996, 1991, 2002, 2004, 2006, 1998, 2016, 2003, 2015, 1995, 2001, 1997, 2000, 1991, 2004, 1998, 2003, 2001, 1997, 2004, 1998, 2001, 1998, 1998;
Haste, 2009, 1989, 2006, 2005, 1995, 1987, 2001, 2008, 1997, 2007, 2000, 1996, 1991, 2002, 1994, 2006, 1998, 1992, 2003, 2005, 1987, 2001, 1997, 2000, 1991, 1994, 1998, 2003, 2001, 1997, 1991, 1998, 2001, 1998, 1998;
Xeybozn, 2009, 1989, 2006, 2005, 1995, 1985, 2001, 2008, 1997, 2007, 2000, 1996, 1991, 2002, 1994, 2006, 1998, 2016, 2013, 2005, 1985, 2001, 1997, 1996, 1991, 1994, 2016, 2013, 2001, 1996, 1991, 2016, 2001, 2016, 2016;
PrinceKaro, 2009, 1989, 2006, 2005, 1995, 1985, 2001, 2008, 1997, 2007, 2000, 1996, 1991, 2002, 1994, 2006, 1998, 1992, 2003, 2015, 1995, 2001, 1997, 2000, 1991, 1994, 1998, 2003, 2001, 1997, 1991, 1998, 1997, 1998, 1998;
Xuxon, 2009, 1989, 2006, 2005, 1995, 1987, 2001, 2008, 1997, 2007, 2000, 1996, 1991, 2002, 1994, 2006, 1998, 2016, 2003, 2005, 1995, 2001, 1997, 2000, 1991, 1994, 2016, 2003, 2001, 1997, 1994, 2016, 2001, 2016, 2016;
Tirofog, 2009, 1989, 2006, 2005, 1995, 1987, 2001, 2008, 1997, 2007, 2000, 1996, 1991, 2002, 1994, 2006, 1998, 1992, 2003, 2005, 1987, 2001, 1997, 2000, 1991, 1994, 1998, 2005, 1987, 2000, 1991, 1998, 2000, 1998, 1998;
LOZLTTP, 2009, 1989, 2006, 2005, 1995, 1987, 2001, 2008, 1997, 2007, 2000, 1996, 1991, 2002, 1994, 2011, 1998, 1992, 2003, 2015, 1987, 2001, 1997, 1996, 1991, 2011, 1998, 2015, 2001, 1996, 1991, 1998, 1996, 1998, 1998;
pronouncemyname, 2009, 1989, 2006, 2005, 1995, 1987, 2001, 2008, 1997, 2007, 2000, 1996, 1991, 2002, 1994, 2011, 1998, 1992, 2003, 2005, 1995, 2001, 1997, 1996, 1991, 1994, 1998, 2003, 1995, 1997, 1991, 1998, 1997, 1998, 1997;
ctesjbuvf, 1979, 1989, 2006, 2005, 1995, 1985, 2001, 2008, 1997, 2007, 2000, 1996, 1991, 2002, 1994, 2006, 1998, 1992, 2013, 2005, 1995, 2001, 1997, 1996, 1991, 1994, 1998, 2013, 1995, 1997, 1991, 1998, 1995, 1998, 1998;
Metal_DK , 2009, 1989, 2006, 2005, 1995, 1987, 2001, 2008, 1997, 2007, 2000, 1996, 1991, 2010, 1994, 2011, 1998, 1992, 2003, 2005, 1995, 2001, 1997, 1996, 1991, 1994, 1998, 2005, 2001, 1997, 1994, 1998, 2001, 1998, 1998;
Polycosm, 2009, 1989, 2006, 2005, 1995, 1987, 2001, 2008, 1997, 2007, 2000, 1996, 1991, 2002, 1994, 2011, 1998, 1992, 2013, 2015, 1987, 2001, 1997, 2000, 1991, 1994, 1998, 2015, 1987, 1997, 1991, 1998, 1997, 1998, 1998;
Lockes Ragnarok, 2009, 1989, 2006, 2005, 1995, 1987, 2001, 2008, 1997, 2007, 1990, 1996, 1991, 2002, 1994, 2006, 1998, 1992, 2003, 2005, 1995, 2001, 1997, 1996, 1991, 1994, 1998, 2005, 1995, 1997, 1994, 1998, 1995, 1998, 1995;